13
37
61
73
97
109
157
181
193
229
241
277
313
337
349
373
397
409
421
433
457
541
577
601
613
661
673
709
733
757
769
829
853
877
937
997
1009
1021
1033
1069
1093
1117
1129
1153
1201
1213
1237
1249
1297
1321
1381
1429
1453
1489
1549
1597
1609
1621
1657
1669
1693
1741
1753
1777
1789
1801
1861
1873
1933
1993
2017
2029
2053
2089
2113
2137
2161
2221
2269
2281
2293
2341
2377
2389
2437
2473
2521
2557
2593
2617
2677
2689
2713
2749
2797
2833
2857
2917
2953
3001
3037
3049
3061
3109
3121
3169
3181
3217
3229
3253
3301
3313
3361
3373
3433
3457
3469
3517
3529
3541
3613
3637
3673
3697
3709
3733
3769
3793
3853
3877
3889
4021
4057
4093
4129
4153
4177
4201
4261
4273
4297
4357
4441
4513
4549
4561
4597
4621
4657
4729
4789
4801
4813
4861
4909
4933
4957
4969
4993
5077
5101
5113
5197
5209
5233
5281
5
5413
17
5437
5449
5521
5557
5569
5581
5641
5653
5689
5701
5737
5749
5821
5857
5869
5881
5953
6037
6073
6121
6133
6217
6229
6277
6301
6337
6361
6373
6397
6421
6469
6481
29
41
53
6529
89
101
113
137
149
173
6553
197
6577
233
257
269
281
293
6637
317
353
389
401
6661
449
461
6673
509
521
557
569
593
617
641
653
677
6709
701
6733
761
773
797
809
821
6781
857
881
6793
929
941
6829
953
6841
977
1013
1049
1061
1097
1109
6949
1181
6961
1193
1217
6997
1229
1277
7057
1289
1301
7069
1361
1373
1409
1433
7129
1481
1493
7177
1553
7213
1601
1613
7237
1637
1697
1709
7297
1721
1733
7309
7321
1877
7333
1889
1901
7369
1913
1949
7393
1973
7417
1997
7477
2069
2081
7489
2129
2141
7537
2153
7549
2213
2237
7561
2273
2297
2309
2333
2357
7573
2381
2393
7621
2417
2441
7669
2477
7681
2549
7717
2609
2621
7741
2633
7753
2657
2693
7789
2729
2741
2753
7873
2777
2789
2801
2837
7933
2861
2897
2909
7993
2957
8017
2969
8053
3041
8089
3089
8101
3137
8161
3209
3221
8209
3257
8221
8233
3329
3389
8269
3413
8293
3449
8317
3461
8329
3533
3557
8353
3581
8377
3593
8389
3617
3677
8461
3701
8521
8581
3761
3797
8629
3821
8641
3833
8677
3881
8689
3917
3929
8713
8737
3989
8761
4001
4013
4049
8821
4073
4133
8893
4157
8929
4217
4229
4241
4253
8941
4289
4337
4349
9001
4373
4397
4409
9013
4421
9049
4457
4481
9109
4493
3
4517
9133
9157
4637
4649
9181
4673
9241
4721
9277
4733
4793
9337
4817
9349
4877
9397
4889
4937
9421
4973
9433
5009
5021
5081
5153
5189
5237
5261
5273
5297
5309
5333
5381
5393
5417
5441
5477
5501
5573
5657
9601
5669
9613
5693
5717
9649
5741
9661
5801
9697
5813
9721
5849
9733
5861
5897
9769
9781
5981
9817
6029
9829
6053
9901
6089
6101
9949
6113
9973
10009
6173
6197
6221
10069
6257
6269
10093
6317
6329
10141
6353
10177
6389
6449
6473
10273
10321
6521
10333
10357
6569
6581
10369
6653
10429
6689
10453
6701
10477
6737
6761
10501
10513
6833
6857
6869
10597
6917
6977
10657
7001
7013
10729
10753
7109
7121
10789
10837
7193
10861
7229
7253
10909
7349
10957
10993
7433
7457
7481
11113
7517
11149
7529
11161
7541
7577
11173
7589
11197
7649
11257
7673
7757
11317
11329
7793
7817
11353
7829
7841
7853
11437
7877
7901
11497
7937
7949
11593
8009
11617
8069
8081
11677
8093
11689
8117
11701
8237
11821
8273
11833
8297
8369
8429
11941
11953
8501
8513
12037
8537
12049
8573
12073
8597
12097
8609
12109
12157
8669
8681
8693
12241
8741
12253
8753
12277
8837
12289
8849
12301
8861
12373
8933
12409
8969
12421
12433
9029
12457
9041
12517
9137
12541
9161
12553
9173
12577
9209
12589
9221
12601
9257
12613
9281
12637
9293
12697
9341
9377
12721
9413
12757
9437
9461
12781
9473
12829
9497
12841
9521
12853
9533
12889
9629
12973
9677
9689
13009
13033
9749
13093
9833
13177
9857
13249
9929
13297
9941
13309
10037
13381
10061
13417
10133
13441
10169
13477
10181
10193
13513
13537
10253
10289
13597
10301
10313
13633
10337
13669
13681
10433
13693
10457
13729
10529
13789
10589
10601
13873
10613
13921
10709
13933
10733
10781
14029
10853
14149
10889
14173
10937
14197
10949
14221
10973
14281
14293
11057
11069
14341
11093
11117
14389
14401
11177
14437
11213
14449
11261
14461
11273
14533
11321
14557
11369
14593
11393
7
11489
19
31
43
14629
11549
67
14653
79
11597
103
127
11621
139
14713
151
11633
163
14737
11657
199
211
11681
223
14797
11717
271
14821
283
11777
307
11789
331
14869
11801
367
379
11813
14929
439
11897
463
11909
487
499
11933
523
11969
547
15013
571
11981
607
15061
619
631
15073
643
12041
15121
691
12101
15193
727
12113
739
15217
751
12149
787
12161
15241
811
12197
15277
823
12269
15289
859
12281
15313
883
15349
907
12329
919
12377
15361
12401
15373
967
12413
991
12437
1039
15493
1051
12473
15541
1063
12497
1087
15601
1123
12569
15649
1171
15661
12641
12653
1231
15733
12689
1279
12713
15817
1291
15877
1303
12809
15889
1327
12821
15901
15913
12893
1399
15937
12917
1423
12941
15973
1447
12953
1459
13001
16033
1471
13037
16057
1483
13049
16069
1531
13109
1543
13121
1567
16141
1579
16189
13217
13229
16249
13241
16273
1627
13313
16333
1663
13337
16369
1699
16381
13397
1723
16417
13421
1747
16453
13457
1759
16477
13469
1783
16561
1831
13553
16573
13577
1867
16633
1879
16657
13613
13649
16693
1951
16729
13697
16741
1987
13709
13721
1999
13757
2011
13781
16921
13829
2083
13841
16981
13877
2131
16993
13901
2143
17029
13913
2179
17041
2203
13997
17053
2239
14009
17077
2251
14033
14057
17137
2287
14081
2311
17209
2347
2
17257
14153
2371
17293
14177
2383
17317
14249
17341
17377
14321
2467
17389
14369
17401
2503
17449
2539
14489
17497
17509
14537
2551
14549
14561
17569
14621
17581
2647
14633
2659
14657
2671
14669
17713
2683
14717
17737
14741
2707
17749
14753
17761
2719
14813
17881
14897
17929
17977
2731
14957
17989
14969
2767
18013
15017
18049
2791
15053
2803
15077
18061
2851
15101
18097
15137
2887
18121
15149
18133
15161
15173
18169
18181
15233
18217
2971
18229
15269
18253
15329
18289
3019
15377
18301
15401
18313
3067
15413
3079
18397
15461
15473
18433
15497
18457
18481
15569
3163
18493
3187
15581
18517
18541
15629
3259
18553
15641
3271
18637
15737
3307
18661
15749
3319
15761
3331
18757
15773
3343
15797
18793
15809
3391
18913
15881
3463
18973
16001
3499
19009
16061
3511
16073
19069
16097
3547
19081
3559
19141
16193
3571
16217
3583
16229
19213
3607
19237
16253
3631
19249
16301
3643
19273
16349
19309
16361
3691
16421
3727
19333
16433
3739
19381
16481
16493
19417
19429
16529
19441
3823
16553
19477
3847
19489
16649
3907
16661
19501
3919
16673
3931
19597
3943
19609
16829
3967
19681
16889
19717
4003
16901
16937
4027
19753
4051
17021
19777
17033
19801
17093
19813
4099
17117
4111
19861
17189
4159
19993
20029
17321
4219
20089
17333
4231
17393
20101
4243
17417
20113
20149
17477
4327
20161
17489
20173
4339
17573
20233
4363
17597
20269
17609
20341
17657
4423
20353
17669
20389
4447
17681
17729
4483
17789
20509
17837
20521
20533
17909
17921
4507
20593
17957
4519
17981
20641
4567
18041
18077
20749
4591
18089
20773
4603
20809
18149
4639
20857
4651
18233
4663
18257
20929
18269
4723
18329
21001
18341
21013
18353
4759
21061
18401
4783
18413
21121
21157
18461
21169
4831
21193
18521
18593
21277
4903
18617
21313
18701
4951
21397
18713
4987
18749
21433
4999
18773
21481
5011
21493
18797
21517
5023
21529
18869
5059
21577
18917
21589
5107
19001
21601
5119
21613
19013
21649
19037
21661
5167
19073
21673
5179
19121
21757
19157
5227
19181
21817
21841
19289
11
21937
23
5323
47
19301
59
71
21961
5347
83
107
19373
21997
131
19421
167
179
5407
19433
191
22093
19457
5419
19469
5431
22129
19541
22153
5443
19553
227
5479
19577
239
5503
251
19661
5527
19697
19709
5563
263
311
19793
347
5623
19841
22189
5647
19853
359
5659
383
19889
419
22273
19913
431
443
5683
19937
467
479
22369
19949
491
503
22381
5743
19961
563
22441
587
19973
599
22453
5779
19997
647
22501
5791
20021
659
22549
683
5827
22573
719
20117
5839
743
22621
20129
5851
20177
827
22669
839
20201
5923
22717
20249
863
22741
20261
887
20297
6007
911
20333
22777
947
20357
971
6043
983
20369
22861
6067
1019
20393
1031
22921
6079
20441
1091
6091
1103
22993
20477
1151
6151
1163
20549
23017
1187
6163
23029
1223
20681
23041
6199
20693
23053
1259
20717
6211
1283
20753
1307
6247
23173
20789
1319
23197
6271
20849
1367
23209
20873
23269
1427
20897
1439
23293
20921
1451
6343
20981
1487
21017
6367
1499
23473
1511
21089
6379
23497
1523
21101
23509
1559
6427
21149
1571
23557
1583
23581
21221
1607
6451
23593
1619
21269
23629
1667
21317
23677
21341
23689
6547
21377
6571
1787
23761
21401
1811
23773
6607
1823
23833
6619
1847
23857
21521
1871
23869
1907
21557
23893
6679
21569
1931
23917
21617
6691
23929
1979
2003
6703
21701
23977
2027
21713
2039
24001
21737
2063
6763
2087
21773
2099
24049
6823
2111
24061
21821
24097
21881
24109
6871
2207
24121
21893
6883
2243
21929
24133
2267
6907
21977
24169
22013
24181
2339
22037
2351
6967
6991
24229
7027
22073
7039
22109
22133
22157
7159
22193
2399
22229
2411
24337
2423
7207
2447
22277
2459
7219
24373
22349
7243
2531
22397
2543
22409
24421
2579
22433
2591
22469
7351
22481
2663
24469
22541
2687
2699
7411
2711
24481
22613
7459
22637
22697
2819
24517
22709
2843
7507
22721
2879
22769
2903
22817
7591
2927
22853
2939
7603
22877
2963
22901
7639
22937
2999
3011
22961
3023
7687
3083
24697
7699
3119
7723
24709
3167
22973
3191
7759
3203
24733
3251
3299
7867
3323
7879
3347
23021
3359
24781
7927
3371
7951
3407
24793
7963
3467
8011
24841
3491
23057
3527
8059
3539
24877
8167
3623
24889
8179
3659
8191
3671
23081
3719
8263
3767
8287
3779
3803
8311
25033
23117
25057
3851
3863
8419
3911
25117
3923
8431
3947
8443
25153
4007
8467
4019
25189
8527
4079
8539
4091
25237
4127
8563
4139
23189
25261
8599
4211
8623
4259
8647
25309
4271
4283
23201
25321
25357
4391
8707
4451
25453
4463
4523
4547
8719
4583
25537
4643
8731
25561
23297
4679
4691
4703
25609
8779
4751
25621
4787
4799
25633
23321
4871
25657
8803
4919
4931
25693
4943
4967
23333
8839
5003
25717
5039
5051
25741
5087
5099
23357
5147
8863
25801
5171
5231
23369
25849
5279
8887
5303
25873
5351
5387
25933
8923
5399
25969
5471
5483
25981
5507
8971
5519
26017
5531
5591
26029
9007
5639
26041
23417
5651
26053
5711
9043
5783
26113
5807
9067
5843
5867
26161
5879
9091
5903
26209
5927
5939
23537
9103
5987
26293
6011
9127
6047
26317
23549
6131
9151
6143
26437
23561
6203
26449
9187
6263
6287
26497
6299
9199
6311
23609
26557
6323
6359
6491
26641
23633
6551
26701
6563
9283
6599
26713
6659
26737
23669
6719
9319
6779
26821
6791
9343
6803
26833
6827
6863
23741
6899
26881
6911
9391
6947
26893
6959
6971
23753
26953
9403
6983
7019
7043
9439
27061
23789
7079
7103
27073
7127
9463
7151
27109
23801
7187
7211
7247
9511
7283
27241
7307
7331
23813
27253
27277
7451
7487
9547
27337
7499
7523
27361
7547
7559
27397
9619
23873
7583
27409
7607
9631
7643
27457
7691
23909
7703
27481
7727
9643
27529
7823
27541
23957
7883
9679
7907
7919
27673
23981
27697
8039
27733
8087
9739
8111
27793
8123
23993
27817
8147
9787
8171
8219
8231
27901
24029
8243
9811
8291
27961
8363
27997
8387
9859
8423
28057
24077
8447
9871
28069
8543
28081
8627
24113
9883
8663
8699
28201
8747
9907
24137
8783
8807
28297
8819
28309
8831
9931
8867
24197
8951
28393
8963
9967
8999
9011
28429
9059
28477
28513
10039
9203
28537
9227
9239
28549
28573
10099
9311
24281
28597
9323
10111
9371
28621
9419
9431
24317
28657
9467
9479
28669
9491
10159
28729
9539
24329
28753
9551
28789
10243
9587
28813
9623
10267
28837
9719
24413
9743
28909
9767
28921
10303
9791
9803
28933
9839
24473
9851
9887
29017
10399
9923
29077
24509
10007
29101
10067
10459
10079
29137
10091
10103
10139
29173
10151
10163
29209
10531
10211
29221
10223
10247
10567
29269
10259
10271
10331
24533
10343
29389
10627
10391
29401
10427
29437
10639
10463
10487
29473
10499
24593
10651
10559
29569
10607
10663
29581
10631
10667
10687
29629
10691
29641
10739
10711
10799
24677
10847
10723
29761
10859
10883
29833
10771
10979
24749
11003
29881
11027
11087
29917
11159
10831
11171
24809
11243
29989
11279
10867
30013
11351
24821
10891
11399
30097
11411
30109
11423
11447
30133
11471
11483
30169
11519
10903
30181
11579
24917
10939
30241
30253
11699
10987
11783
30313
24953
11807
11831
11867
11047
24977
30469
11903
11927
30493
11939
11059
11987
24989
30517
12011
11071
30529
12071
11083
12107
30553
25013
30577
11119
30637
25037
30649
11131
30661
12119
25073
30697
12143
30757
25097
30781
11239
30817
11251
30829
12203
25121
30841
11287
12227
30853
11299
30937
12239
25169
30949
11311
12251
31033
12263
31069
11383
31081
25229
12323
31153
11443
31177
12347
31189
11467
25253
31237
11491
31249
25301
11503
12479
31321
31333
11527
12491
25349
31357
11551
31393
12503
25373
11587
31477
12527
31489
31513
12539
25409
31573
11719
31657
12611
25457
11731
31729
12647
31741
11743
25469
12659
11779
31849
12671
31873
11827
25541
11839
31957
12743
25577
11863
31981
12791
11887
32029
25589
32077
25601
32089
11923
32173
11959
32233
12899
11971
32257
12911
25673
32341
12007
12923
32353
32377
25733
12043
12959
32401
32413
12983
32497
13007
25793
32533
32569
12163
32653
25841
13043
12211
32713
32749
13103
32797
13127
25889
32833
32869
13151
12343
32917
13163
25913
32941
12379
13187
33013
12391
33037
25997
33049
13259
33073
12451
26021
33181
13331
12487
33289
13367
12511
33301
33349
12547
33409
12583
33457
13451
33469
12619
33493
33529
33577
33589
33601
33613
33637
33721
33757
33769
33829
26141
33889
33937
26153
33961
33997
12703
26177
26189
26237
12739
13463
26249
12763
34033
13487
12799
13499
12823
26261
13523
34057
12907
13619
12919
26297
12967
13679
12979
13691
13003
26309
13751
13063
13763
13099
13799
13147
13159
13859
13171
26321
13883
13183
13907
34129
13219
13931
26357
13967
13267
13291
34141
14051
13327
14087
26393
13339
13399
14159
13411
26417
14207
14243
34213
13567
13591
14303
13627
14327
26489
13687
34261
13711
14387
13723
14411
26501
14423
13759
34273
14447
13807
26513
13831
14519
34297
14543
13879
14591
13903
14627
13963
26561
14639
34369
13999
14699
14011
14723
26573
14747
34381
14071
14759
14083
14771
14107
26597
14783
14143
14831
14843
14251
14867
26633
14879
14323
14891
34429
14347
14939
26669
14951
14407
14419
14431
26681
34501
15083
14479
15107
14503
15131
26693
34513
14551
15227
14563
26717
15263
34537
15287
14683
15299
14731
34549
14767
15359
26729
14779
15383
14827
15443
14851
15467
26777
14887
15527
14923
15551
26801
14947
34693
14983
15647
26813
15031
15671
15683
15091
15139
15731
26849
34729
15767
15187
15791
15199
26861
15259
15271
15307
34849
26921
15319
15331
15803
15391
15427
34897
15439
26981
15887
15451
15511
26993
15559
15923
15583
27017
15607
15959
34981
15619
15643
15971
15667
15679
16007
15727
35053
15739
27077
15787
35089
15823
16067
15859
15907
16091
35149
15919
16103
15991
27197
16127
16063
16087
16139
16111
35221
16187
16183
35257
16231
16267
27281
16223
16339
35281
16363
16411
16447
27329
35317
16519
16319
16567
16603
35353
16651
27437
16699
16427
16747
16759
27449
16451
35401
16831
16843
16879
16903
16487
16927
27509
16963
35437
16987
16547
17011
17047
27581
35449
17107
17167
16607
27617
35461
17191
17203
16619
17239
35509
17299
16631
27653
17359
17383
16691
17419
27689
17431
17443
16703
17467
17491
27701
17539
16763
17551
27737
17599
16787
17623
35521
17659
27749
17683
17707
16811
35533
17791
27773
17827
16823
17839
17851
35569
17863
16871
27809
17911
17923
35593
17959
16883
17971
18043
35617
16931
27893
18127
16943
18199
27917
18211
18223
16979
35677
18307
27941
18367
17027
18379
27953
18427
18439
18451
17099
18523
35797
28001
18583
17123
35809
18679
18691
17159
18787
17183
18859
28097
35869
18919
17207
18979
28109
19051
17231
19087
19183
28181
19207
17291
19219
19231
35977
19267
28229
17327
19387
17351
36013
19423
28277
19447
19471
19483
36037
17387
28289
19507
19531
19543
36061
19603
28349
19687
19699
36073
19759
17471
19819
17483
36097
19843
19867
28409
17519
19891
36109
19927
19963
28433
20011
17579
20023
20047
20071
28493
20107
36217
17627
20143
28517
36229
20287
20323
28541
20347
36241
17747
20359
20407
20431
17783
36277
20443
28649
20479
17807
20551
28661
20563
36313
20599
20611
17891
28697
20707
20719
20731
17903
20743
36373
17939
20887
20899
20947
36433
17987
20959
28793
20983
21019
36457
21031
18047
21067
28817
18059
21139
36469
21163
21187
21211
18119
21247
18131
21283
36493
21319
28901
18143
21379
21391
36529
21487
28949
18191
21499
21523
36541
28961
21559
18251
21727
21739
18287
36637
21751
29009
21787
21799
18311
29021
21859
21871
36697
18371
21943
29033
21991
22003
36709
22027
22039
22051
29129
36721
22063
18443
22111
22123
29153
22147
22159
18503
22171
22279
36781
22291
18539
22303
29201
36793
18587
22447
22483
22531
22543
18671
22567
29297
22639
36877
22651
18719
22699
29333
18731
22783
36901
22807
18743
36913
29429
22963
18803
23011
23059
29453
36973
23071
18839
23131
23143
36997
29501
23167
18899
23203
23227
37021
18911
23251
29537
23311
23371
37057
29573
23431
18947
23539
37117
23563
18959
29633
23599
23623
23671
29669
19031
23719
37189
23743
23767
29717
23827
37201
23887
19079
23899
29741
23911
23971
19139
29753
24007
24019
19163
37273
24043
29789
24091
24103
19211
37309
24151
29837
24223
37321
24247
19259
29873
24379
24391
37357
29921
24439
19319
24499
37369
24547
19379
24571
30029
24631
37441
19391
24691
24763
19403
30089
24799
37489
19427
24847
24859
30113
37501
24907
19463
24919
30137
24943
37537
24967
24979
30161
19559
37549
25087
25111
19571
25147
30197
37561
19583
25171
25183
37573
25219
30269
25243
25303
25339
19727
37633
25411
30293
19739
25423
37657
25447
25471
30341
19751
25579
25603
19763
37693
25639
30389
25747
37717
25759
25771
30449
25819
19919
25867
25903
25939
30497
19979
37813
25951
25999
19991
30509
26083
26107
26119
37861
30557
20051
26203
26227
20063
26251
37897
30593
26263
26347
26371
20123
26407
30677
37957
26431
20147
26479
30689
26539
20183
37993
30713
26647
20219
26683
20231
26731
38053
30773
26839
26863
30809
26947
38113
20327
26959
27031
38149
30869
27043
20399
27067
27091
30881
20411
27103
38197
27127
30893
27211
20483
27259
27271
20507
27283
38281
27367
20543
30941
27427
27487
30977
38317
27583
20627
27631
31013
38329
20639
27691
27739
27751
38377
27763
20663
27799
31121
27823
27847
27883
38449
27919
27943
27967
20747
38461
31181
28027
28051
20759
28087
31193
28099
20771
28111
28123
31253
20807
28183
38557
28219
31277
28279
38569
28351
20879
28387
28411
20903
38593
28447
20939
38629
31337
28579
20963
28591
28603
38653
28627
21011
28663
28687
31397
38677
21023
28711
28723
28759
21059
28771
38713
28807
21107
31469
28843
28867
38737
28879
21143
31481
28927
38749
21179
31517
29023
29059
21191
29131
31541
21227
29167
29179
38821
29191
29251
31601
29287
38833
21323
29311
29347
29383
21347
31649
29443
38917
21383
29527
31721
21407
38953
29587
29599
21419
29611
31769
38977
29671
29683
21467
31793
29803
21491
29851
31817
29863
21503
29947
39097
29959
29983
21563
30091
30103
21587
30139
31973
30187
21599
30211
30223
21611
32009
30259
30271
30307
21647
30319
30367
32057
21683
30391
30403
30427
32069
39133
21767
30559
32117
39157
21803
30631
30643
32141
30703
39181
21839
30727
30763
21851
32189
39217
30859
30871
32213
21863
30931
39229
32237
31039
31051
21911
39241
31063
32261
31123
31147
31159
39301
32297
31183
31219
22031
31231
39313
32309
31267
22067
31327
32321
22079
31387
39373
22091
32369
31531
31543
39397
31567
32381
31627
39409
31663
22247
31687
32429
31699
31723
22259
32441
31771
22271
31891
39541
22283
32537
31963
22307
32059
32561
32083
32119
32573
22343
32143
32191
32203
22367
32609
39709
32251
22391
32299
32621
39733
32323
32359
32633
32371
32443
39769
32467
32693
32479
22511
32491
39829
32503
32717
32563
22571
32587
39841
32611
32647
32789
22619
32707
39877
32719
32801
22643
32779
32803
22679
32839
39901
22691
32887
32909
32911
22727
32971
32933
32983
39937
22739
32957
33091
22751
33151
32969
33199
22787
33211
40009
32993
33223
22811
33247
22859
33331
33343
33029
40093
22871
33391
33403
33053
22907
33427
40129
33487
22943
33113
33547
40153
33619
23003
33149
33679
40177
33703
23027
33161
33739
33751
23039
40189
33811
23063
40213
33871
23087
33931
40237
33967
23099
33317
34039
34123
33329
23159
34147
34159
34171
33353
34183
40357
34231
33377
23279
34267
34303
23291
40429
34327
34351
23327
34471
33413
23339
34483
34519
40597
34543
33461
23399
34591
40609
34603
33521
34651
23447
34687
33533
34747
23459
34759
34807
33569
34819
23531
40693
34843
33581
23567
34939
34963
33617
23603
35023
33629
40801
35059
23627
35083
33641
35107
40813
23663
35227
23687
35251
40849
33713
35311
35323
40897
23747
33749
35407
35419
35491
33773
23819
35527
40933
33797
23831
35671
33809
35731
40993
35803
23879
35839
33857
24023
35851
33893
35863
41017
35899
24071
35911
33941
35923
24083
35983
41077
36007
24107
36067
41113
34061
24179
36151
36187
24203
41149
36307
24239
36319
34157
41161
36343
24251
36451
41221
34217
36523
41233
36559
24359
36571
34253
36583
41257
24371
36607
36643
41269
24407
36691
34301
36739
24419
41281
36787
34313
24443
36847
34337
36871
41341
36919
36931
34361
24527
36943
41389
36979
37003
24551
34421
37039
41413
37087
24611
37123
34457
37159
24623
37171
34469
37243
24659
41521
37339
24671
37363
34589
24683
37423
41593
37447
34613
37483
41617
37507
24767
34649
37567
41641
37579
37591
34673
24851
37663
37699
41737
34721
37747
24923
37783
34757
41761
37831
24971
37879
34781
37951
41809
37963
25031
37987
34841
38011
38047
38083
34877
25127
41893
38119
38167
25163
38239
34913
41941
38287
38299
34949
25247
41953
38371
34961
38431
25307
38611
35069
42013
25343
38671
35081
25367
38707
38767
42061
35117
38791
25391
38803
42073
38839
35129
38851
25439
38923
35141
42157
38959
25463
38971
35153
39019
42169
39043
39079
35201
25523
39103
42181
39139
39163
42193
25583
39199
25643
39343
25667
42337
39367
35381
25679
39439
42349
39451
35393
25703
39499
39511
42373
25763
39607
39619
42397
39631
39667
25799
35537
39679
42409
39703
39727
25847
35573
42433
39799
39847
25919
35597
42457
39883
25931
39979
25943
40039
42577
40063
40087
40099
42589
40111
26003
35729
40123
40231
42649
35753
40351
26099
40387
35801
26111
42697
40423
40459
35837
40471
42709
40483
26171
40507
35897
40519
26183
40531
40543
40591
35933
40627
42793
40639
26267
40699
35969
42829
40759
26339
40771
35993
40819
42841
40867
36017
26387
40879
42853
40903
26399
40927
40939
26423
42901
41011
36137
41023
26459
41047
42937
36161
41131
41143
42961
41179
36209
41203
26591
41227
41263
36269
41299
26627
43093
36293
26687
41443
43117
41467
26699
36341
41479
43177
41491
26711
36353
41539
26723
43189
41611
36389
26759
41647
43201
41659
26783
41719
36473
43237
41851
26879
36497
41863
41887
26891
43261
41911
41947
26903
41959
41983
26927
43321
42019
36629
42043
26951
42139
36653
26987
42187
42223
36677
27011
43441
42283
42307
36713
27059
42331
42379
36749
27107
42391
42403
43573
36761
42451
27143
42463
42487
43597
42499
36809
27179
42571
43609
36821
27191
42643
36833
27239
42667
42703
43633
42727
36857
42751
27299
42787
42859
36929
42943
42967
42979
43003
27407
37013
43051
27431
43063
37049
43159
27479
43207
37061
43291
27527
43399
27539
43411
37097
27551
43543
27611
43579
37181
43591
27647
43627
43651
37217
43711
43759
27743
43783
43867
37253
27767
43891
43951
27779
43963
37277
43987
27791
44059
37313
44071
27803
44119
37337
44131
27827
44179
44203
37361
27851
44263
43669
37397
43717
44371
43753
27947
37409
43777
44383
43789
43801
44491
27983
37493
43933
44563
28019
44587
43969
37517
44623
44017
28031
44647
44029
44683
37529
44041
44053
44089
44101
44839
37589
28151
44851
44887
28163
44221
44257
37649
44959
44269
44971
44281
44983
44293
45007
28211
44389
45127
45139
44449
28283
37781
44497
28307
45247
45259
44533
28319
45307
37853
45319
44617
44641
45343
28403
37889
45403
44701
45427
28439
44773
45439
44797
44809
28463
45523
44893
37997
45631
28499
44917
45667
45691
44953
28547
45751
45013
45763
28559
45061
45823
45121
28571
45943
45181
45979
45289
28607
46027
46051
45337
28619
46099
45361
46147
28631
45433
46171
45481
28643
46183
45541
46219
45553
45589
46279
28703
38069
45613
46327
46351
45673
28751
46399
45697
46411
45757
38153
46447
45817
46471
28859
45841
38177
46507
45853
28871
46567
38189
46591
45949
46639
38201
46663
46021
46687
46093
46723
38237
28979
46747
46141
46771
46153
46807
29027
38261
46819
46237
46831
46261
38273
46273
46867
29063
46309
38321
46381
47059
29123
46441
38333
46477
47119
46489
47143
29147
38393
47251
46549
29207
47287
46573
38453
29231
47407
46633
47419
46681
29243
47431
38501
46861
47491
29303
47527
46933
46957
38561
47563
29327
46993
47599
47017
29339
47623
38609
47659
47041
29363
47743
38669
47779
29387
47137
47791
47149
29399
47161
47911
47221
47947
38693
29411
47269
29423
47293
48079
47317
48091
47353
47389
29483
48163
38729
48187
47497
29531
47521
48247
47533
48259
29567
47569
48271
47581
38861
47629
47653
38873
48463
47701
48487
47713
47737
29663
48523
47797
38921
48571
47809
29723
48619
47857
38933
48679
47869
47881
48751
47917
48787
29759
38993
48799
47977
48823
29819
48847
48049
39041
48859
48073
48109
48871
29867
48121
48883
39089
48907
29879
48157
48193
48991
39113
49003
48313
29927
48337
39161
49123
48397
48409
49171
39209
48481
49207
30011
48541
39233
49279
48589
30047
49339
48649
49363
30059
48661
49411
39293
48673
30071
49459
48733
49531
48757
30119
48781
49603
48817
49627
48889
49639
49663
48973
30203
49711
49009
39317
49747
49033
49057
49783
49069
49807
49081
49831
49843
49117
30323
49891
49177
49927
30347
49201
49939
39341
49999
49261
30431
50023
49297
50047
49333
30467
49369
50119
49393
50131
39461
49417
30491
49429
50227
49477
50263
30539
50287
39509
49537
49549
50311
50359
39521
49597
50383
49633
49669
39569
50503
49681
30671
50527
39581
50539
49741
50551
30707
49789
50587
49801
50599
50647
49921
50671
30803
49957
50683
50707
39749
49993
30839
50767
50053
39761
30851
50839
50077
50101
39821
50923
30911
50221
50971
39857
30971
51031
50329
51043
50341
39869
30983
50377
51151
50461
51199
50497
31019
39929
50581
51283
50593
51307
31079
39953
51343
31091
51427
50773
39989
51439
31139
50821
51487
50833
40013
31151
51511
50857
50893
40037
51607
31223
50929
51631
50989
51679
31247
51001
51691
31259
51061
40169
51787
51109
31271
51133
40193
51157
51859
51169
51871
31307
51193
51907
51217
40241
31319
51229
51991
51241
52027
40253
31379
52051
51349
51361
31391
40277
52147
52183
51421
40289
51481
52267
51517
52291
31511
51577
52363
51613
52387
31547
51637
40361
51673
51721
52543
31583
51769
52567
52579
51817
40433
31607
52627
51829
52639
51853
40493
31643
51913
52711
52747
51949
40529
31667
51973
52783
52009
52807
52021
31727
52879
52057
40577
52069
31751
52903
52081
52951
40637
52153
31799
52963
52177
52999
52189
31847
53047
52201
52237
40697
31859
52249
53239
40709
52321
31883
53299
52369
53323
31907
53359
52453
53407
52489
53419
40829
52501
53479
52561
31991
40841
53503
52609
53527
32003
40853
53551
32027
53611
52813
53623
52837
32051
52861
40949
53719
32063
53731
52957
40961
52981
32099
53791
53017
40973
53887
53077
53899
53089
32159
53923
53101
41057
53113
53959
53149
32183
41081
53161
54091
53173
54139
53197
41117
54151
53233
54163
32303
53269
41141
53281
54319
32327
54331
53353
41177
54367
53377
54403
53401
32363
41189
53437
54499
54547
41201
53569
54559
53593
54583
41213
53617
32411
53629
54631
32423
53653
54667
54679
53773
54727
32507
41333
54751
53857
54787
53881
32531
41357
54799
53917
54907
32579
41381
54001
54919
54013
32603
54979
54037
54049
41453
55051
54121
54133
55147
54181
41513
55171
32687
54193
55207
54217
55219
41549
32771
55243
54277
55291
32783
41597
54361
55339
54409
55351
41609
54421
32831
55399
54469
55411
41621
54493
32843
54517
54541
41669
55579
54577
55603
32939
54601
55639
41681
55663
54673
54709
55711
32987
54721
41729
55807
32999
54829
55819
55843
54877
33023
55903
41777
55927
54949
33071
54973
55987
41801
55009
33083
55021
56131
41813
55057
33107
56167
56179
55117
33119
41849
56239
56263
55201
33179
56299
55213
41897
56311
55249
33191
56359
55333
41957
33203
56383
55381
56431
41969
56443
55441
56467
55501
41981
56479
33287
55609
56503
55621
42017
56527
33311
55633
56599
56611
55681
33347
42089
56659
55717
56671
33359
42101
55813
56731
55837
56767
55849
56779
55897
56827
55921
33479
55933
42197
56041
56911
33503
42209
56923
56053
56983
56101
33563
42221
56113
56149
57139
33587
56197
57163
56209
33599
57223
42257
56269
57259
33623
57271
42281
57283
56377
33647
57331
56401
42293
57367
56437
57427
56473
56509
57487
33767
56533
42437
57559
56569
57571
56629
33791
42461
57667
56701
33827
42473
57679
56713
56737
57727
33851
56773
57751
42509
56809
57787
33863
56821
57847
56857
42533
57859
56893
56929
57943
33911
42557
56941
57991
33923
58027
42569
56989
58099
57037
58111
34019
57073
58147
57097
58171
34031
42641
58207
58231
57193
58243
42677
57241
34127
58363
57301
42689
58411
57349
57373
42701
57397
34211
57457
42737
58543
34259
58567
57493
58579
42773
57529
58603
34283
57601
58687
42797
57637
58699
34319
57649
58711
57697
42821
58771
57709
34367
58831
57781
34403
57793
58963
57829
42929
59011
57853
59023
34439
57901
42953
59083
59107
34487
57973
42989
59119
59167
34499
58057
43013
59239
34511
58129
43037
59263
58153
59359
58189
43049
59407
58237
59419
58309
34583
59443
58321
43133
59467
58369
34607
58393
59539
34631
58417
59611
58441
34667
58453
59659
59671
58477
43313
34679
59707
58537
59743
58549
59779
34703
58573
59791
43397
58657
34739
59863
58693
59887
34763
58741
43457
58789
59971
43481
34847
58897
60091
43517
58909
34871
60103
58921
60127
43541
34883
60139
59029
59053
60223
59077
34919
60259
43577
59113
60271
59149
60331
43613
59197
60343
59209
35027
59221
43649
60427
59233
35051
59281
43661
60607
35099
59341
60631
59377
35111
60679
43721
60703
59473
35159
60727
59497
43781
60763
59509
35171
59557
43793
60811
59581
60859
59617
35267
59629
43853
60919
60943
35279
43889
61027
35291
59797
61051
43913
59809
61099
35327
59833
61231
35339
59929
35363
43961
61291
61339
60013
35423
43973
61363
60037
35447
60133
43997
61471
60169
61483
60217
44021
61507
35507
61519
60289
35531
61543
60337
61603
60373
35543
61627
60397
44129
61651
61687
35591
61723
60457
44189
35603
60493
44201
61819
60589
61843
60601
60637
44249
61879
60649
60661
61927
44273
35747
60733
61987
60757
62011
35759
60793
62047
44357
35771
60889
62071
60901
44381
62119
60913
35831
62131
60937
62143
60961
44417
62191
35879
61057
44453
62299
62311
35951
61129
62323
61141
44501
35963
62347
61153
62383
44537
35999
61261
62467
61297
36011
62539
61333
44549
62563
61357
61381
62659
36083
61417
62683
44621
61441
62731
36107
62743
44633
61561
36131
62791
61609
44657
62827
61657
62851
36191
61681
62971
61717
44729
61729
62983
36251
63031
44741
36263
61813
63067
61837
63079
44753
63103
61861
36299
63127
44777
61909
61933
63199
44789
61981
63211
36383
62017
63247
62053
63331
63367
62137
36467
44909
63391
62233
63439
36479
63463
63487
62401
63499
36527
62473
63559
45053
62497
63607
36551
62533
45077
63667
62581
36563
63691
62617
63703
36587
62653
63727
45137
36599
62701
63799
45161
62761
63823
36671
62773
63907
36683
45197
62869
64063
62929
36767
64123
45233
62989
64171
36779
64231
63073
36791
45281
64279
63097
64303
45293
64327
63241
45317
64399
36887
63277
63313
64483
36899
45329
63337
63361
36923
64567
45341
64579
63397
36947
64591
45377
63409
64627
63421
64663
37019
45389
63493
64747
63541
64783
45413
63577
63589
37139
63601
64879
45497
63649
64891
63697
64927
45533
37199
63709
64951
63781
65011
45557
63793
37223
65071
63841
45569
63853
37307
63901
65119
63913
65167
63949
65179
37379
45641
65203
63997
65239
64033
65287
45677
64081
37463
65323
64153
45737
64189
65371
37511
64237
65407
45821
65419
37547
65479
64333
45833
65539
37571
64381
65551
45869
64453
65563
37607
64489
45893
65587
64513
37619
65599
64609
45953
65647
64621
37643
65707
64633
65719
45989
64693
37691
65731
64717
65827
65839
64849
65851
46049
37799
64921
65899
64969
46061
65983
37811
65029
46073
66067
65053
37847
66103
65089
46133
65101
37871
65173
66271
65257
37907
65269
46181
66343
65293
66403
37967
65353
46229
66463
65413
66499
65437
37991
65449
46301
66523
38039
65497
66571
46337
66643
65521
65557
46349
65581
38183
66739
65617
66751
65629
38219
66763
65677
46457
66883
38231
65701
66919
65713
66931
65761
66943
65809
38303
46589
67003
65881
38327
46601
65929
38351
67219
67231
66037
46649
67339
38447
66109
67399
46757
66169
38459
67411
46769
67447
66301
38543
66337
46817
67531
66361
38567
67567
66373
46829
67579
66457
38603
46853
66529
67651
66541
38639
67699
46877
66553
67723
66601
38651
67759
46889
66697
67783
66721
38699
67807
46901
66733
67819
38711
67843
67867
66841
38723
67891
66853
67927
66877
46997
38747
67939
66889
67987
66949
47057
68023
38783
66973
68059
67021
68071
47093
67033
38867
67057
47129
68227
67129
38891
68239
67141
67153
47189
38903
68311
67189
67213
47237
68371
67261
68443
67273
39023
68491
39047
68539
47297
67369
67429
68611
47309
67453
67477
68659
39107
67489
68683
47381
39119
68743
67537
68767
68791
47417
67741
39191
68863
67777
68899
67789
47441
67801
68947
39227
67933
67957
69019
47501
39239
69031
67993
39251
69067
47513
68041
69127
68053
69151
39323
68113
69163
68161
39359
69247
68209
47609
69259
39371
68281
47657
69379
39383
68329
69403
68389
69427
47681
69439
68437
39419
68449
47717
69463
39443
69499
68473
47741
68521
39503
47777
69691
68581
69739
39551
69763
68713
39563
47837
68737
69847
68749
69859
39623
68821
69931
39659
69991
68881
70003
68917
39671
47933
69001
70039
70051
69061
47969
39719
69073
70099
47981
69109
70111
39779
70123
48017
70183
39791
69193
70207
48029
69313
39827
70327
69337
70351
39839
70423
69457
70459
39863
69481
70507
48197
69493
39887
48221
69661
70627
69697
70639
39971
69709
70663
48281
70687
39983
69829
40031
48341
69877
70783
48353
70843
69997
70867
40127
70009
48413
70879
40151
70891
70117
48437
70951
70141
40163
70999
70177
48449
71011
70201
71023
70237
48473
71059
70249
70297
48497
71119
70309
40283
70321
71143
71167
70381
48533
70393
40343
71191
70429
71263
70489
71287
48593
70501
71347
40427
71359
70537
70549
71419
40487
48677
70573
71443
40499
71479
70621
71503
70657
71527
40559
70717
48761
71551
70729
40583
71563
70753
48809
71647
70849
71671
48821
70921
71707
70957
71719
70969
48857
40739
70981
71887
48869
71089
40751
71899
71947
71161
40763
71971
71209
48953
40787
71983
71233
72019
71257
48989
72031
40823
71293
72043
71317
40847
49037
72091
71329
72103
71341
40883
72139
71353
49109
72211
71389
72223
71413
49121
71437
72271
71473
72307
49157
41039
72367
71569
72379
49169
71593
41051
49193
71713
72547
72559
71761
49253
72643
71809
41183
72679
71821
49277
72727
71881
41231
72739
71917
71941
72763
41243
72823
49409
72859
72073
72871
72109
49433
72883
41351
72169
72907
49481
72931
41387
72229
72253
73039
41399
49529
72277
73063
72313
41411
72337
73243
72421
41507
49613
73291
72469
73303
41519
72481
73327
72493
73351
49697
41543
72577
73363
72613
73387
49757
72649
73459
72661
41579
73471
72673
73483
41603
72733
49853
41627
72817
73651
49877
73699
72889
41651
72901
73771
72937
73783
41687
72949
73819
49937
72973
73867
72997
41759
73009
73939
41771
73951
50021
73141
73999
73189
50033
74047
41843
73237
74071
50069
41879
73309
74131
74143
73369
74167
50093
73417
74203
41903
50129
74287
73453
41927
73477
50153
74311
73561
74323
41999
50177
73597
74383
73609
74419
42023
73681
73693
74527
50261
42071
74551
50273
42083
74587
73849
74611
42131
50321
73897
74623
74707
74017
50333
74719
42179
74731
74077
74779
74101
42227
50417
74827
74149
74161
42239
74887
74197
74923
74209
42299
50441
74257
74959
74293
42323
74317
50513
42359
75079
74353
74377
50549
42407
75211
74413
75223
74449
75307
74509
42443
74521
75367
42467
75391
74653
75403
74713
42491
74761
50741
75511
74797
75571
74821
50753
42611
75583
74857
75619
74869
50777
75679
74929
42683
75703
50789
74941
42719
75787
75013
50849
75037
42743
75109
75883
42767
75133
75931
50873
75169
75967
75181
75979
75193
42839
50909
75991
75217
76003
75253
42863
76039
50957
75277
76099
75289
42899
50969
76123
75337
76147
42923
50993
76159
76207
76231
76243
43019
75541
76303
75553
51137
43067
75577
76387
76423
51197
43103
75709
76471
75721
51257
76507
75781
43151
76519
75793
76543
75853
43223
76579
51329
75913
75937
76603
51341
75997
76651
43271
76081
43283
76771
51413
76129
76819
43319
76831
51437
76213
43331
76963
76249
51449
76261
77023
43391
51461
77047
76333
43403
76369
51473
43427
76441
77167
51521
43451
77191
76537
77239
76561
51581
43487
76597
77263
77323
51593
43499
77347
77359
76717
77383
43607
77419
51713
76753
77431
76777
51749
77479
76801
43691
77491
76837
77527
76873
77551
51797
77563
77017
77587
77029
43787
77611
51869
77041
77647
77659
77101
51893
77137
77719
77731
77743
51929
43943
77839
51941
77863
43991
51977
77899
77269
44027
77983
78007
78031
78079
77317
44087
52121
78139
44111
78163
52181
77377
44123
78259
78283
52253
78307
44159
52289
78367
44171
77509
78427
44207
52301
77521
78439
78487
52313
78511
44267
77557
78571
44279
78583
77569
78607
52361
78643
44351
77617
78691
52433
78787
44483
77641
78823
52457
44507
78919
44519
52517
78979
77689
44531
79039
52529
79063
44543
77713
79087
52541
79111
44579
77761
52553
79147
79159
44651
77773
79231
52673
44687
79279
77797
52697
44699
79399
79411
44711
52709
77893
79423
44771
52721
77929
79531
44819
52733
79579
79627
52757
77977
44843
79687
79699
52769
44867
44879
52817
79843
78049
79867
44927
79903
52889
44939
79939
52901
79987
78121
44963
52937
79999
80071
44987
78157
80107
52973
80167
45083
78193
80191
45119
80239
78229
53069
80251
45131
80263
53093
78241
80287
45179
80347
53117
78277
45191
80407
53129
80491
45263
78301
53189
80527
53201
80599
80611
80671
80683
45491
80779
78517
53309
80803
45503
78541
80863
45587
80911
78553
80923
45599
53381
81019
78577
81031
45659
81043
53441
78649
81163
45707
53453
81199
81223
78697
81283
53549
45767
81307
78721
81331
53597
45779
81343
53609
81439
45827
78781
81463
53633
81547
45863
53657
81559
45887
81619
53681
78853
81667
45959
53693
81703
78877
45971
81727
53717
81799
78889
81847
53777
81883
46091
78901
81919
53813
46103
81931
81943
53849
81967
82003
53861
46187
82039
82051
53897
46199
82171
82183
53993
82207
46271
79153
82219
46307
82231
79201
82267
54101
82279
82339
79273
82351
46439
82387
46451
82471
82483
79309
82507
46499
54269
82531
79333
46511
54293
82567
46523
79357
82591
54377
82651
82699
46559
54401
82723
46619
79393
82759
54413
46643
82891
54437
82903
46679
79537
54449
82939
46691
82963
79549
54497
83023
46703
83047
79561
54521
46727
83059
83071
46751
79609
83203
54581
83227
79621
46811
83299
54617
79633
83311
54629
79657
83383
46919
83407
79669
54713
83431
83443
79693
47051
83563
54773
47087
54833
79777
83719
47111
47123
54869
83791
79801
47147
54881
79813
83911
47207
54917
83983
79861
54941
47279
84067
79873
47303
84127
55001
84163
47339
84199
84211
55049
47351
84223
84247
55061
47363
84307
47387
55073
84319
55109
84391
47459
80077
84463
84499
47507
55217
84523
84559
47543
55229
80149
84631
47591
84691
80173
55313
84751
84787
55337
47639
80209
84811
55373
47699
84859
80221
84871
47711
80233
84919
55457
84967
84979
55469
47807
84991
47819
85027
47843
55529
85087
85147
55541
85159
47903
85243
47939
55589
85303
47951
85363
55661
85411
47963
80317
85447
55673
80329
48023
85531
55697
85627
80341
55721
85639
48119
85711
48131
55733
80449
48179
85819
55793
85831
80473
55817
48239
85843
85903
55829
48299
85999
80557
86011
55889
48311
86083
86131
55901
48371
86143
80629
55949
48383
86179
80677
86239
48407
86263
86287
80701
55997
86311
48479
80713
56009
86323
48491
86371
80737
48527
86467
56081
80749
86491
48539
56093
86539
80761
86587
48563
86599
48611
80809
86719
86743
48623
56237
80833
86767
48647
56249
86851
80917
86923
48731
56333
86959
80929
56369
48767
80953
87103
56393
48779
87151
80989
87187
56417
87211
81001
87223
56453
81013
56477
48947
87403
81049
87427
56489
49019
87511
56501
87523
81097
49031
87547
87559
49043
81157
87583
87631
56597
87643
81181
49103
87679
56633
87691
49139
87739
87751
56681
87811
49199
87931
87943
56813
49211
81349
87991
49223
56873
81373
88003
56897
49307
81409
56909
49331
81421
88327
56921
49367
88339
81457
56957
88411
49391
88423
56993
88471
49451
57041
49463
81517
88591
57077
49499
88651
49523
81553
57089
88663
49547
57149
88747
81637
49559
88771
57173
88807
88819
81649
57221
88843
88867
49667
57269
88903
88951
49727
57329
81769
89071
49739
89083
89107
49787
57389
89119
81817
49811
89203
49823
57413
89227
81853
49871
81901
89371
57557
49919
89431
89443
49943
81937
57593
89491
89527
81973
49991
57641
89563
89599
57653
50051
89611
82009
89659
50087
57689
89671
82021
50111
57713
89767
89779
50123
57737
82129
89839
50147
57773
89899
82141
50159
89923
57809
89959
82153
50207
89983
90007
50231
82189
90019
57881
90031
90067
82237
57917
50291
90127
90163
57977
90187
50363
90199
82261
90247
50387
58013
90271
50411
58049
90379
50423
90403
58061
90439
82393
50459
58073
90499
90511
58109
50543
90523
90547
82549
58169
50591
90583
90619
82561
50627
58193
90631
90679
58217
50651
90703
82609
58229
90787
50723
90823
82633
90847
90907
82657
90931
58313
50867
58337
50891
91099
82729
91159
58481
50951
91183
82813
91243
51047
82837
91291
91303
58601
51059
58613
51071
91387
91411
51131
82981
91423
91459
58661
91591
51203
83077
91639
58733
51239
83089
58757
91711
51263
83101
91771
51287
91807
83137
91867
51347
58889
91939
51383
91951
58901
83221
51407
58913
92083
92107
51419
83233
58937
92119
51431
92143
83257
58997
92179
51479
92203
59009
83269
92227
51503
92251
59021
51539
83341
92311
51551
59069
92347
83389
92383
51563
59093
92419
83401
92431
51599
59141
92467
92479
83437
51647
92503
92551
51659
83449
59273
92623
92647
83497
51683
92671
92683
51719
92707
59333
83557
92767
51767
92779
59357
92791
59369
51803
92863
83617
51827
59393
92899
51839
59417
92959
83641
51899
59441
83653
93103
59453
93139
83689
93151
93187
51971
59513
83701
93199
59561
93283
83737
93307
93319
52067
59621
83761
52103
59669
93427
83773
52127
93463
59693
93487
52163
83833
59729
93523
93559
59753
83857
52223
93607
52259
83869
93703
93739
93763
59921
93787
52379
93811
59957
84061
52391
93871
59981
93967
93979
60017
84121
52511
60029
94063
52571
94099
60041
84181
94111
52583
60077
94207
84229
52631
94219
60089
94291
52667
60101
94327
84313
52691
94351
60149
84349
52727
94399
60161
94447
94483
60209
94531
52859
84421
94543
60257
52883
84457
94603
60293
94651
52919
60317
84481
94687
52967
94723
60353
94747
53003
94771
53051
60413
94819
84589
94903
53087
60449
94951
94999
84649
60497
53147
95071
95083
60509
84673
53171
95107
60521
95131
84697
53231
95143
60617
95191
53267
95203
53279
95239
84793
60689
95287
95311
53327
60737
95383
84913
60761
95419
53411
95443
60773
95467
84961
95479
53507
60821
95527
85009
95539
60869
85021
95707
53591
95731
60917
95791
53639
85081
95803
60953
85093
53699
95911
61001
95923
95947
53759
85201
95959
95971
53783
85213
96043
61121
53819
96079
85237
53831
61169
96199
53891
96211
96223
53927
61253
85297
96259
53939
85333
96331
53951
85369
53987
61409
96451
96487
54011
85381
61469
54059
61493
96643
85429
96667
54083
96703
61553
85453
96739
54167
96763
85513
96787
96799
61613
85549
96823
61637
96847
54251
96907
85597
54287
96931
61673
96979
54311
85621
97003
54323
97039
61757
85669
54347
97159
61781
97171
54371
85717
54419
97231
97303
54443
97327
97387
61949
85837
54503
97423
61961
97459
54539
54563
97579
62057
85909
62081
54623
97651
85933
97687
54647
62129
97711
62141
86017
97771
97843
86029
62189
97879
62201
97927
54767
86077
62213
97987
54779
98011
86113
98047
62273
54851
86137
62297
54959
98143
86161
54983
62417
86197
98179
86209
55079
62477
98227
62501
55103
86257
98251
62549
55127
86269
62597
98299
55163
86293
62633
98323
55259
86341
98347
55331
86353
62753
55343
98407
62801
86389
55439
98419
62861
86413
55487
62873
86461
55511
62897
98443
55547
86509
62921
98467
55619
86533
62969
98479
55631
62981
86629
55667
98491
63029
55691
86677
63113
98563
86689
63149
55763
63197
55787
55799
98731
55823
86857
63281
55871
86869
63317
98779
55931
63353
55967
63377
98887
56003
63389
98899
63473
98911
56039
56087
63521
98947
63533
56099
63617
56123
63629
56171
86929
99079
63689
56207
63737
56267
87013
99103
63761
63773
87037
99139
87049
63809
99223
63857
56519
87121
99259
56531
87133
63929
56543
99367
87181
63977
56591
99391
64013
87253
56663
64037
56687
87277
56711
64109
87313
99439
56747
64157
87337
99487
64217
56783
56807
87421
99523
64301
56843
87433
99559
56891
64373
87481
99571
56951
64433
87517
56963
99607
56999
87541
99643
87553
57047
99667
64553
87589
57059
64577
99679
87613
57107
64601
57119
87649
64613
57131
87697
64661
57143
99787
57179
64709
87721
57191
99823
57203
64781
87793
99859
57251
64793
87853
99871
64817
57287
87877
99907
64853
57347
64877
87961
99991
57383
64901
87973
57467
64937
88069
57503
64997
88093
57527
65033
88117
57587
88129
65129
88177
65141
57719
65213
57731
57791
65309
88237
57803
88261
57839
65357
88321
57899
65381
57923
65393
57947
65537
58031
88513
65609
58043
58067
88609
65633
58151
88657
65657
58199
88681
58211
65717
88729
58271
65729
88741
65777
88789
65789
58367
88801
65837
58379
58391
88813
65921
58403
88861
65957
58427
88873
65981
58439
88897
65993
58451
66029
58511
88969
66041
88993
66089
58631
89017
66137
58679
89041
66161
58727
66173
89101
58763
66221
58787
89113
66293
89137
58907
66377
58943
58967
89209
66413
58979
66449
89269
58991
89293
66509
59051
66533
89317
59063
66569
89329
59123
66593
59159
89413
66617
59183
66629
89449
59207
66653
59219
89521
66701
59243
66713
89533
66749
59351
89653
66797
59387
89689
66809
59399
66821
59447
89797
59471
66977
89809
59567
67049
89821
59627
67061
89833
59651
67073
59663
59699
89917
67121
59723
67157
59747
89977
67169
59771
89989
67181
90001
67217
59879
67289
59951
90073
67349
59999
67409
90121
67421
60083
67433
60107
90217
67481
90289
67493
60167
90313
67577
60251
67589
90373
67601
90397
60383
67709
90469
60443
90481
67733
90529
67757
60527
60539
67829
60611
90697
67853
60623
90709
60647
67901
60659
67961
90793
60719
60779
90841
60887
90901
60899
68141
60923
68213
90997
61007
68261
61031
91009
61043
91033
61091
91081
68477
61151
68489
91129
61211
68501
91141
61223
91153
68597
61283
68633
91237
61331
91249
61343
68669
61379
91297
68729
61403
91309
61463
68777
91369
61487
68813
61511
91381
68897
61547
91393
68909
61559
91453
61583
68993
61631
69029
61643
91513
61667
61703
69149
91573
69197
61751
91621
69221
69233
69257
61871
91753
69317
61967
91801
69341
61979
91813
61991
69389
91837
62003
69401
62039
91873
69473
62099
91909
69497
91921
62171
69557
62207
91957
69593
62219
91969
69653
62303
69677
92041
62327
92077
62351
69737
69761
62423
92173
69809
62459
92221
69821
69833
92233
62483
69857
62507
92269
62591
92317
69929
62603
69941
62627
92353
62639
70001
92377
70061
62687
92401
62723
92413
70121
70157
92461
62819
70181
92557
70229
92569
62903
70241
92581
62927
70289
62939
92593
70313
62987
92641
70373
63059
92737
70457
63131
70481
92761
63179
92809
70529
63299
92821
70589
63311
92857
63347
70709
92893
70769
63419
92941
70793
63443
70841
93001
63467
70853
70877
63527
93097
70901
93133
63587
70913
63599
93169
70937
63611
70949
93229
63647
70997
93241
63659
63671
93253
71069
63719
93337
71081
63743
71129
63803
71153
63839
63863
93481
71237
71249
93493
64007
71261
93529
64019
93553
64067
71333
93601
64091
93637
71429
64151
64187
71453
64223
71537
64271
71549
64283
71597
93889
64319
93901
71633
93913
64403
71693
93937
64439
71741
64451
93949
71777
64499
71789
93997
71837
94009
71849
64667
71861
94033
64679
71909
94057
64763
71933
94117
64811
71993
94153
64871
72053
64919
72077
94201
72089
72101
65003
94261
65027
72161
65063
72173
65099
72221
65111
65123
65147
72269
65171
72341
65183
72353
65267
72461
65327
72497
72533
65423
65447
72617
94273
65519
72689
94309
65543
72701
94321
65579
72797
65651
72869
94441
65687
72893
65699
94477
94513
72953
65831
94561
72977
65843
94573
65867
73013
94597
73037
65927
94621
73061
65951
73121
94693
65963
73133
94777
73181
66047
94789
66071
73277
66083
94837
66107
94849
73361
94873
66179
66191
94933
73421
73433
66239
94993
73517
66347
95089
73529
66359
95101
73553
66383
73589
66431
73613
66467
95233
73637
66491
95257
73673
73709
66587
95317
73721
73757
66683
95401
95413
66791
73877
95461
66851
73961
66863
95569
73973
95581
74021
66923
95617
66947
74093
95629
66959
74177
95701
67043
74189
95713
67079
74201
95737
67103
67139
95773
74297
67187
74357
95857
67211
74381
67247
67271
67307
95869
74441
67343
74453
95881
67391
74489
95917
67427
95929
67499
74561
67511
67523
74573
67547
74597
95989
74609
67559
96001
67607
74717
67619
74729
67631
96013
74861
67679
74873
67751
74897
67763
74933
96097
67883
75017
67931
96157
75029
67943
75041
96181
67967
67979
96289
75149
68087
75161
96337
68099
75209
68111
75269
68147
96457
68171
75329
96469
68207
75353
68219
75377
96493
68279
75389
96517
75401
96553
68351
75437
96589
68399
75521
96601
75533
68447
96661
75557
68483
75617
68507
96697
75629
68531
75641
68543
75653
68567
96757
75689
96769
68639
68687
75773
68699
75797
68711
96973
75821
68771
75833
96997
68819
97021
75869
68879
97081
75941
68891
68903
97117
75989
68927
76001
97177
68963
97213
69011
76157
69119
97369
69143
76253
97381
69191
76289
97429
69203
97441
69239
76421
97453
69263
76481
97501
76493
69371
97549
69383
97561
76541
69431
97609
76649
69467
76673
69491
76697
97729
69539
76733
97777
76757
97789
76781
69623
97813
76829
97849
76913
69767
76949
97861
69779
76961
69827
77069
69899
77081
98017
69911
77093
69959
98041
77141
70019
98101
77153
70067
77201
98221
70079
77213
98257
70139
77237
70163
98269
77249
70199
77261
98317
70223
98377
77369
70271
98389
77417
70379
98473
77477
70439
98533
77489
70451
77513
70487
98641
77549
70571
77573
98689
70583
77621
70607
98713
70619
98737
77681
70667
98773
77801
98809
77813
98869
70823
77849
98893
98929
77933
70919
77969
98953
70979
78017
70991
99013
78041
71039
99109
78101
99133
78137
71147
78173
71171
99181
78233
99241
71327
78317
99277
71339
78341
99289
71363
78401
71387
99349
78437
71399
71411
99397
78497
71471
78509
99409
71483
78569
99469
78593
99529
71663
78653
71699
99577
78713
71711
78737
99661
71807
78797
99709
71843
78809
99721
71867
78857
99733
71879
78893
99793
71963
78929
71987
99817
78941
71999
99829
78977
72047
99877
78989
99901
72167
99961
72227
79133
72251
79181
72287
79193
79229
79241
72383
79301
72431
79337
72467
79349
72503
79397
72551
79433
72623
79481
72647
79493
72671
79589
72707
79601
72719
79613
79697
72767
79757
79769
79817
72911
79829
72923
79841
72959
79889
73019
79901
73043
73079
79973
73091
79997
73127
80021
73259
80141
80153
73331
80177
73379
80273
80309
73523
73547
80369
73571
80429
73583
73607
80489
73643
80513
73679
80537
73727
73751
80621
73823
80657
73847
80669
73859
80681
73883
73907
80777
80789
73943
74027
74051
80849
74099
80897
80909
74159
80933
74219
74231
81017
74279
81041
81077
74363
81101
74411
81173
74471
81197
74507
81233
74531
81281
74567
81293
74687
74699
81353
74747
81401
74759
81509
74771
81533
74831
81569
74843
81629
74891
81677
74903
81689
81701
75011
81737
81749
75083
81761
75167
81773
75227
81869
75239
81929
81953
75323
75347
82013
82037
75407
82073
75431
82193
75479
82217
75503
75527
82241
75539
82301
75611
82349
75659
82361
75683
82373
75707
82421
75731
82457
75743
82469
75767
82493
82529
82601
82613
75983
76031
82721
76079
82757
76091
82781
76103
82793
76163
82889
82913
76259
76283
82997
76343
83009
76367
76379
83093
76403
83117
76463
83177
76487
83273
76511
76607
83357
76631
76667
83417
76679
83477
76847
83537
76871
83561
76883
83597
76907
83609
76919
83621
76943
76991
83717
77003
83777
83813
77171
83873
77243
83921
77267
83933
77279
77291
83969
77339
84017
77351
84053
84089
77447
84137
77471
77543
84221
77591
77687
84317
77699
84377
77711
84389
77723
84401
77747
84437
77783
84449
77867
84509
84521
77951
84533
77999
84629
78059
84653
84701
78167
84713
78179
84737
84761
78191
78203
84809
84857
78311
84869
78347
84977
85037
78467
85049
78479
85061
78539
85109
78623
85121
85133
78707
85193
85229
78779
78791
85313
78803
85361
78839
78887
85469
85517
79031
85577
79043
85601
79103
85661
79139
85733
79151
79187
85781
85793
79259
85817
79283
85829
79319
85853
79367
85889
79379
79427
86069
79451
86117
86201
79559
86249
79631
86297
79691
86357
86369
79811
86381
79823
86441
79847
86453
79907
86477
79943
86501
79967
86561
79979
86573
80039
80051
86693
86729
80111
80147
86753
86813
80207
86837
80231
86861
80279
80363
86969
80387
86981
86993
80447
87041
80471
87149
80567
80603
87221
80627
87257
80651
87281
80687
87293
80747
87317
80783
80819
87473
80831
87509
87557
80963
87629
81023
87641
81047
87701
81071
81083
87797
81119
81131
87833
81203
87869
81239
87881
81299
87917
81359
81371
87977
88001
81527
88037
81551
81563
88169
81611
88241
81647
88289
81671
88301
81707
88337
88397
81839
81899
88469
81971
88493
82007
88589
82031
82067
88661
88721
82139
88793
82163
88817
82223
88853
88937
82307
88997
89009
82463
89021
82487
89057
82499
89069
82559
82571
89153
89189
82619
89213
89237
82727
89261
82763
89273
82787
82799
89381
82811
89393
82847
89417
82883
89477
89501
89513
83003
83063
89561
89597
89633
83207
89657
83219
89669
83231
89681
83243
83267
89753
83339
89849
83399
89897
89909
83423
83459
90017
83471
90053
83579
90089
83591
90149
90173
83639
90197
83663
90281
83843
90353
83891
90401
83903
90437
83939
90473
83987
84011
90533
84047
84059
90617
90641
84131
84143
90677
84179
90749
84191
84239
90821
84263
90833
84299
90917
84347
84407
90977
90989
84431
84443
91097
84467
91121
84503
91193
91229
84551
91253
84659
91373
91397
84719
84731
91433
91457
84827
91493
91529
91541
84947
91577
85091
91673
85103
85199
91733
85223
91757
85247
85259
91781
85331
91841
85427
85439
91961
85451
91997
85487
92009
92033
85523
85571
92153
85607
92177
85619
92189
85643
92237
85667
85691
92297
85703
92333
92357
85751
92369
85847
92381
92489
85931
85991
92657
86027
92669
92681
86111
92693
92717
92753
86171
86183
92789
92801
86243
92849
92861
86291
92921
86351
92957
86399
86423
92993
93053
93077
86531
93089
86579
93113
86627
93257
86711
93281
93329
86771
93377
86783
86843
86927
93497
86939
93557
86951
93581
87011
87071
93629
87083
93701
87107
87119
93761
87179
93809
87251
87299
93893
87323
93941
87359
87383
94049
87407
94109
87443
94121
87491
94169
87539
87587
94229
94253
87623
87671
94349
87683
94397
94421
87719
94433
87743
87767
94529
87803
94541
94613
87887
87911
94649
87959
88007
94709
88019
94781
88079
94793
94841
88211
94889
88223
94949
88259
94961
95009
88379
95021
88427
95093
88463
88499
95153
95177
88523
95189
88547
95213
88607
95261
88643
95273
88667
88799
95369
88811
95393
88883
95429
88919
95441
89003
95549
95561
89051
95597
89087
95621
89123
95633
95717
89231
95789
89303
95801
95813
89363
89387
95873
89399
95957
89459
96017
89519
96053
89567
96137
89591
96149
89603
89627
96221
96233
96269
89759
96281
89783
96293
89819
96329
89867
96353
89891
96377
89939
96401
96461
89963
96497
90011
90023
96557
90059
96581
90071
90107
96737
96749
90191
96797
90203
90227
96821
90239
96857
90263
96893
96953
90359
96989
90371
97001
90407
97073
90527
97157
90599
97169
90647
90659
97241
90731
97301
97373
90803
97397
90863
90887
97553
90911
97577
90947
97613
90971
97649
91019
97673
91079
91127
97829
91139
97841
91151
91163
97961
91199
97973
98009
91283
98057
91331
91367
98081
91463
98129
91499
91571
98213
91583
98297
91631
98321
91691
98369
91703
98429
98453
91811
91823
98561
91943
98573
91967
98597
92003
98621
92051
98669
98717
92111
98729
92219
92243
98801
98837
92363
98849
92387
98873
92399
98897
98909
92459
98981
92507
98993
92567
99017
92627
99041
92639
99053
92699
99089
92723
99137
99149
92831
99173
92867
99233
92927
99257
92951
99317
92987
99377
99401
93047
93059
99497
93083
93131
99581
93179
93239
99689
93251
99713
93263
99761
93287
99809
93323
93371
99833
93383
99881
93407
93419
99929
93479
99989
93491
93503
93563
93683
93719
93827
93851
93887
93911
93923
93971
93983
94007
94079
94151
94307
94331
94343
94379
94427
94439
94463
94547
94559
94583
94727
94811
94823
94847
94907
95003
95027
95063
95087
95111
95219
95231
95267
95279
95327
95339
95471
95483
95507
95531
95603
95651
95723
95747
95783
95819
95891
95987
96059
96167
96179
96263
96323
96419
96431
96443
96479
96527
96587
96671
96731
96779
96827
96851
96911
96959
97007
97103
97127
97151
97187
97259
97283
97367
97379
97463
97499
97511
97523
97547
97571
97583
97607
97787
97847
97859
97871
97883
97919
97931
97943
97967
98123
98207
98327
98387
98411
98459
98507
98519
98543
98627
98639
98663
98711
98807
98867
98927
98939
98963
98999
99023
99083
99119
99131
99191
99251
99347
99371
99431
99527
99551
99563
99611
99623
99707
99719
99767
99839
99923
99971
