2
3
5
17
29
41
53
89
101
113
137
149
173
197
233
257
269
281
293
317
353
389
401
449
461
509
521
557
569
593
617
641
653
677
701
761
773
797
809
821
857
881
929
941
953
977
1013
1049
1061
1097
1109
1181
1193
1217
1229
1277
1289
1301
1361
1373
1409
1433
1481
1493
1553
1601
1613
1637
1697
1709
1721
1733
1877
1889
1901
1913
1949
1973
1997
2069
2081
2129
2141
2153
2213
2237
2273
2297
2309
2333
2357
2381
2393
2417
2441
2477
2549
2609
2621
2633
2657
2693
2729
2741
2753
2777
2789
2801
2837
2861
2897
2909
2957
2969
3041
3089
3137
3209
3221
3257
3329
3389
3413
3449
3461
3533
3557
3581
3593
3617
3677
3701
3761
3797
3821
3833
3881
3917
3929
3989
4001
4013
4049
4073
4133
4157
4217
4229
4241
4253
4289
4337
4349
4373
4397
4409
4421
4457
4481
4493
4517
4637
4649
4673
4721
4733
4793
13
37
61
4817
73
97
109
4877
157
181
193
4889
229
241
277
4937
313
337
349
4973
373
397
409
5009
421
433
5021
457
541
5081
577
601
613
661
5153
673
709
5189
733
757
769
5237
829
5261
853
5273
877
5297
937
5309
997
5333
1009
1021
5381
1033
1069
5393
1093
5417
1117
1129
1153
5441
1201
1213
5477
1237
1249
5501
1297
1321
5573
1381
1429
1453
1489
5657
1549
5669
1597
1609
5693
1621
1657
1669
5717
1693
5741
1741
1753
1777
5801
1789
5813
1801
5849
1861
1873
5861
1933
5897
1993
2017
2029
5981
2053
6029
2089
2113
6053
2137
2161
6089
6101
2221
6113
2269
2281
2293
6173
2341
6197
2377
2389
6221
2437
6257
2473
6269
2521
6317
2557
6329
2593
2617
6353
2677
6389
2689
2713
6449
2749
6473
2797
2833
6521
2857
2917
6569
2953
6581
3001
3037
6653
3049
6689
3061
6701
3109
6737
3121
6761
3169
3181
6833
3217
6857
3229
3253
6869
3301
3313
6917
3361
6977
3373
7001
3433
7013
3457
3469
7109
3517
7121
3529
3541
3613
7193
3637
7229
3673
7253
3697
3709
3733
7349
3769
3793
3853
7433
3877
3889
7457
7481
4021
7517
4057
7529
4093
7541
4129
7577
4153
7589
4177
7649
4201
7673
4261
4273
4297
4357
4441
7757
4513
7793
4549
7817
4561
7829
4597
7841
4621
7853
4657
7877
7901
4729
7937
4789
7949
4801
4813
8009
4861
8069
4909
8081
4933
8093
4957
4969
8117
4993
8237
5077
5101
8273
5113
8297
5197
5209
5233
8369
5281
8429
8501
5413
8513
5437
8537
5449
5521
5557
5569
5581
5641
5653
5689
5701
5737
8573
8597
5749
8609
5821
5857
8669
5869
8681
5881
8693
8741
5953
8753
6037
8837
6073
8849
6121
8861
6133
8933
6217
6229
8969
6277
9029
6301
6337
6361
6373
6397
6421
6469
6481
6529
6553
6577
6637
6661
6673
9041
6709
6733
6781
6793
6829
6841
6949
6961
6997
7057
7069
7129
7177
7213
7237
7297
9137
7309
9161
7321
9173
7333
9209
7369
9221
7393
7417
9257
9281
7477
9293
7489
7537
9341
7549
9377
7561
7573
9413
9437
7621
9461
7669
9473
7681
9497
7717
9521
7741
9533
7753
7789
9629
7873
9677
9689
7933
9749
7993
8017
9833
8053
9857
8089
8101
9929
8161
9941
8209
8221
8233
8269
8293
8317
8329
8353
8377
8389
8461
8521
8581
8629
8641
8677
8689
8713
8737
8761
8821
8893
8929
8941
9001
9013
9049
9109
9133
9157
9181
9241
9277
9337
9349
9397
9421
9433
9601
9613
9649
9661
9697
9721
9733
9769
9781
9817
9829
9901
9949
9973
11
23
47
59
71
83
107
131
167
179
191
227
239
251
263
311
347
359
383
419
431
443
467
479
491
503
563
587
599
647
659
683
719
743
827
839
863
887
911
947
971
983
1019
1031
1091
1103
1151
1163
1187
1223
1259
1283
1307
1319
1367
1427
1439
1451
1487
1499
1511
1523
1559
1571
1583
1607
1619
1667
1787
1811
1823
1847
1871
1907
1931
1979
2003
2027
2039
2063
2087
2099
2111
2207
2243
2267
2339
2351
2399
2411
2423
2447
2459
2531
2543
2579
2591
2663
2687
2699
2711
2819
2843
2879
2903
2927
2939
2963
2999
3011
3023
3083
3119
3167
3191
3203
3251
3299
3323
3347
3359
3371
3407
3467
3491
3527
3539
3623
3659
3671
3719
3767
3779
3803
3851
3863
3911
3923
3947
4007
4019
4079
4091
4127
4139
4211
4259
7
4271
19
31
43
67
4283
79
103
127
139
151
163
199
211
223
271
283
4391
307
331
367
379
4451
439
4463
463
487
499
4523
523
547
4547
571
607
619
4583
631
643
4643
691
4679
727
4691
739
751
4703
787
811
823
4751
859
4787
883
4799
907
919
967
4871
991
1039
4919
1051
1063
4931
1087
4943
1123
4967
1171
5003
1231
1279
1291
5039
1303
1327
5051
1399
5087
1423
1447
1459
5099
1471
1483
1531
5147
1543
1567
5171
1579
1627
1663
5231
1699
5279
1723
1747
5303
1759
1783
5351
1831
5387
1867
1879
5399
1951
5471
1987
1999
5483
2011
5507
5519
2083
5531
2131
2143
2179
5591
2203
5639
2239
2251
5651
2287
2311
5711
2347
2371
2383
5783
2467
5807
5843
2503
5867
2539
2551
5879
5903
2647
2659
5927
2671
5939
2683
2707
2719
5987
2731
6011
2767
2791
6047
2803
2851
2887
6131
6143
2971
3019
6203
3067
6263
3079
6287
6299
6311
3163
6323
3187
6359
3259
3271
3307
3319
3331
6491
3343
3391
6551
6563
3463
6599
3499
3511
6659
3547
3559
6719
3571
3583
3607
6779
3631
6791
3643
6803
3691
6827
3727
3739
6863
6899
3823
6911
3847
6947
3907
6959
3919
6971
3931
6983
3943
3967
7019
4003
4027
7043
4051
7079
4099
7103
4111
7127
4159
7151
4219
7187
4231
7211
4243
7247
4327
4339
7283
4363
7307
7331
4423
4447
4483
7451
4507
4519
7487
4567
7499
4591
7523
4603
7547
4639
7559
4651
4663
7583
7607
4723
7643
4759
7691
4783
7703
4831
7727
4903
7823
4951
7883
4987
4999
7907
5011
7919
5023
5059
5107
5119
8039
5167
5179
8087
8111
5227
8123
8147
5323
8171
5347
8219
5407
8231
5419
8243
5431
8291
5443
5479
8363
5503
8387
5527
5563
8423
5623
8447
5647
5659
8543
5683
5743
8627
5779
8663
5791
8699
5827
5839
8747
5851
8783
5923
8807
8819
6007
8831
6043
8867
6067
6079
6091
6151
8951
6163
8963
6199
6211
8999
6247
9011
6271
9059
6343
6367
6379
6427
9203
6451
9227
9239
6547
6571
9311
6607
9323
6619
9371
6679
9419
6691
9431
6703
9467
6763
9479
6823
9491
6871
9539
6883
9551
6907
9587
6967
6991
9623
7027
9719
9743
7039
9767
9791
7159
9803
9839
7207
9851
7219
9887
7243
9923
7351
7411
7459
7507
7591
7603
7639
7687
7699
7723
7759
7867
7879
7927
7951
7963
8011
8059
8167
8179
8191
8263
8287
8311
8419
8431
8443
8467
8527
8539
8563
8599
8623
8647
8707
8719
8731
8779
8803
8839
8863
8887
8923
8971
9007
9043
9067
9091
9103
9127
9151
9187
9199
9283
9319
9343
9391
9403
9439
9463
9511
9547
9619
9631
9643
9679
9739
9787
9811
9859
9871
9883
9907
9931
9967
